[PARA_SET]
sign=1

[PARA_PRJ]
PRJ_NAME=\x9ed8\x8ba4

[PARA_IMAGE]
COLORCIR_C=605.5
COLORCIR_R=443.2138263665595
COLORCIR_RIDUS=269.6027110183483

[PARA_IO]
S1S2_DIS=440
STC1=440
STCD1=0
STB1=440
STBD1=0
STC2=440
STCD2=0
STB2=440
STBD2=0
STC3=440
STCD3=440
STB3=440
STBD3=440
STCOLOR1=440
STCOLORD1=440
STCOLOR2=440
STCOLORD2=440
STCOLOR3=440
STCOLORD3=440
SPD=500
